976
649
1129
1099
1200
252
845
1392
530
97
202
617
735
968
1301
1127
146
725
1174
1417
215
584
662
1051
75
792
836
84
48
1017
109
739
1091
86
578
101
778
164
1579
1506
225
819
1098
396
873
797
670
945
261
811
1442
188
1193
1188
1530
1379
268
183
1223
1036
758
1386
395
1233
1578
1144
506
372
505
1310
230
191
791
687
638
1396
960
1002
629
915
332
285
1533
1426
1071
1189
470
17
112
560
1575
561
1434
98
1153
1131
568
1520
1106
376
1471
747
1335
1391
198
760
939
283
1464
1576
133
714
673
134
1065
892
874
353
1363
1192
1456
909
20
45
1505
1021
56
699
339
275
979
337
866
363
1339
805
370
998
622
420
591
952
377
485
822
360
541
918
1373
656
1088
141
232
320
727
580
1227
985
484
1560
114
1020
488
460
1430
10
279
951
256
424
1060
1358
674
694
1101
443
1381
388
1285
1438
292
992
1168
284
944
210
1222
311
515
1087
1075
926
92
983
1451
616
556
510
464
1276
1307
861
1156
31
610
401
356
1404
1470
1013
444
1504
1267
748
566
1445
1367
21
1322
1196
1109
1260
902
1012
465
1160
1502
1453
916
586
364
1056
369
1132
150
1397
709
1235
453
1435
896
1264
419
96
1412
315
346
385
1209
1347
40
336
546
1154
456
1390
895
1210
943
1288
828
229
367
234
1242
1251
290
1542
1123
1423
1194
825
1455
542
1171
1548
39
1315
1321
931
435
1105
1574
1069
798
675
1519
1115
1037
925
381
942
205
197
87
988
42
1356
192
806
62
105
223
1551
969
280
117
1214
287
1327
1437
384
1543
151
733
741
1092
1452
1500
1073
1570
963
1492
1484
458
1006
106
858
1535
163
829
1526
414
1275
1409
1573
626
691
765
1108
906
1182
935
1319
136
1465
145
703
548
95
352
1323
473
1015
717
636
1155
208
621
1460
397
1572
129
475
577
1201
1329
399
1503
1283
389
1512
838
1052
386
1270
1004
127
161
612
1138
563
13
702
1103
195
1180
1286
710
1344
672
1090
539
1263
1238
46
365
1539
787
905
1595
1513
1403
1348
1253
1059
327
413
89
643
425
318
1265
946
564
784
1049
1284
1309
967
299
1446
763
770
799
1150
1599
800
1583
289
1254
126
71
418
490
1218
833
368
603
494
1278
676
544
701
441
820
1374
654
326
1169
961
634
693
1261
412
1493
512
937
665
1305
1077
91
307
890
93
1085
588
1422
1165
1577
776
1041
1093
1195
744
1567
625
695
214
1039
750
404
1177
533
528
783
36
1416
1063
604
430
1302
1420
362
1277
35
716
110
907
38
486
904
1009
1326
169
824
461
650
468
602
1141
579
248
76
639
932
1152
878
1440
1569
593
759
645
553
1003
1292
1407
1225
221
383
1164
1158
923
335
1406
124
713
90
862
1303
132
1385
1554
1299
298
964
220
128
518
730
1372
1515
466
522
571
663
180
1328
655
810
707
139
1336
831
306
120
540
641
999
1414
1111
316
1008
1203
955
1418
929
1479
809
1581
959
1433
698
1550
659
1368
1137
1330
884
966
174
520
1359
1458
410
1066
24
596
11
583
1151
88
7
18
550
508
635
1483
993
558
392
1248
1185
417
757
1229
737
1369
1162
575
294
305
1593
1190
1314
834
1462
796
953
351
1411
233
1000
1279
724
1057
731
532
1597
1033
293
728
282
801
454
137
12
938
1183
908
1544
131
1204
1234
718
1107
1258
1029
1042
1389
1176
692
429
1287
502
1119
529
58
108
1450
1172
552
519
250
1399
432
407
585
159
1205
679
14
1070
1054
358
1124
768
1266
426
1354
19
1509
1378
226
1334
469
1082
997
1
304
219
257
601
272
199
899
1449
922
480
308
1061
1025
573
61
509
43
271
1511
224
270
6
239
782
830
597
246
740
1383
1568
1130
329
1030
387
1486
1297
1295
1472
1477
867
889
1388
187
1320
1555
1244
178
1166
1040
317
500
581
2
1246
1393
436
1317
253
345
354
1311
547
1318
251
446
1083
1306
965
1425
1415
382
555
1179
100
936
217
1353
1096
567
860
536
73
1230
697
644
1375
854
1139
276
823
267
186
104
525
1342
1291
1355
300
1112
1529
991
156
355
1362
1499
879
64
1514
182
1120
1147
755
67
30
871
333
483
1316
1024
971
804
323
211
1023
666
837
1216
115
785
1191
1312
1598
1116
1521
786
1027
391
1343
1338
258
742
374
334
286
1498
1207
477
1594
1110
1341
1549
153
1143
193
16
1219
766
987
1478
309
609
881
628
493
1272
930
1376
640
476
79
1249
218
870
815
125
990
661
736
44
400
122
1208
1084
1473
1053
680
773
423
25
1366
875
247
1444
162
1117
618
973
606
587
1217
55
222
421
958
213
590
1281
652
912
1178
719
872
1198
1045
1395
589
330
570
373
537
1262
779
175
812
605
745
1566
350
41
264
1489
1337
34
705
244
1488
433
764
503
447
842
165
1055
442
269
989
1585
1350
449
781
1206
1491
1294
53
865
627
1211
1231
818
1600
408
1546
706
1522
216
885
1079
1213
864
94
142
1475
1590
111
1089
1100
526
1351
243
1559
344
452
437
1007
347
406
291
1527
1454
808
1252
543
949
238
59
863
696
826
301
1538
83
1300
144
390
772
814
1441
1136
847
1380
1476
1331
729
1313
974
27
982
681
1563
1058
1518
236
1564
1562
545
704
803
245
1014
883
69
919
664
1118
135
882
57
439
721
33
130
614
1184
1080
200
632
981
1332
1197
1135
956
947
1333
1016
302
52
774
970
535
738
1325
1241
341
887
1377
954
380
1587
978
619
398
1523
196
752
980
504
65
1035
54
1531
607
231
147
677
637
1357
549
201
1001
1199
1259
1050
489
1026
1443
1571
1524
1078
647
181
479
984
281
242
482
119
140
498
986
171
1565
1148
1485
671
1371
868
411
227
26
81
1094
274
1364
1481
1304
121
1257
1074
1497
756
507
1224
80
273
859
646
194
1466
934
29
259
496
1215
1005
516
511
1122
1495
1097
877
846
499
1068
534
790
459
1134
1557
203
711
726
495
1591
457
3
241
78
1011
1382
99
1236
1582
209
143
204
1289
888
651
669
448
901
158
481
802
68
340
1558
1427
168
1510
492
1459
911
212
941
751
1173
857
886
521
569
1447
343
190
74
409
688
366
23
851
123
559
1062
598
1269
349
49
668
451
254
371
572
85
296
876
1076
1536
22
850
1243
322
1384
1469
1428
431
1387
686
972
685
611
844
1400
950
562
788
613
897
1032
1592
357
1268
70
1410
1487
1545
928
463
1072
297
255
813
1019
176
1432
708
478
1296
393
148
527
177
1044
917
160
1202
723
1349
342
894
1149
538
684
715
994
1586
37
394
1142
853
1556
9
63
849
633
576
1232
720
118
1457
487
462
1552
807
1508
910
794
1125
667
1461
1255
817
1221
1282
47
1540
5
138
1588
995
620
1128
722
1553
8
921
1220
1280
28
1133
1370
789
648
277
402
554
1580
840
513
72
278
375
1346
1145
753
324
1419
1424
249
852
734
678
1247
1482
841
1228
1212
1239
1226
771
927
1439
403
1490
207
1256
1413
314
379
331
574
497
1163
1022
777
173
312
1038
975
51
77
732
551
155
102
1394
690
265
746
856
1589
1048
189
1541
1081
996
1175
359
630
1046
157
595
1352
501
428
658
940
1102
1018
531
1402
557
228
855
1360
582
313
957
166
624
4
1157
962
1043
827
206
1525
977
172
491
288
1104
154
319
594
1507
891
185
167
600
415
1064
107
1010
467
565
1398
1034
1161
1474
1095
1170
416
325
1596
361
1534
1584
880
1528
152
793
743
631
1271
903
660
869
438
769
514
767
1480
1421
1298
712
32
920
235
1067
445
1345
1086
623
1408
1501
821
50
1429
1031
266
1237
608
517
914
843
900
1187
1293
615
1047
913
1146
749
1401
1496
657
310
816
1361
1245
82
179
775
832
427
471
440
653
754
321
700
835
450
1167
1159
262
683
1517
103
1324
422
66
795
60
1186
170
898
328
1516
1250
689
1537
682
1431
1340
1448
184
15
1365
1126
761
1140
1181
1436
948
113
378
1114
1121
592
405
1467
1532
762
116
1547
260
523
472
1468
240
848
474
1028
237
933
348
455
1308
303
1494
780
642
1113
893
434
1463
839
524
1405
1240
263
1273
338
1561
1274
295
924
1290
599
149
0
